0 0.403186 0.469967 0.076754 0.142079
0 0.242331 0.634240 0.097782 0.312853
0 0.562014 0.664502 0.110377 0.268903
0 0.850463 0.556188 0.093218 0.256811
0 0.353138 0.479654 0.071978 0.246173
0 0.826509 0.559126 0.140418 0.262654
0 0.644145 0.521592 0.076731 0.214940
0 0.691115 0.552516 0.082126 0.225101
0 0.685525 0.419069 0.053989 0.153463
0 0.549073 0.454374 0.053095 0.145401
0 0.262830 0.481011 0.062583 0.147098
0 0.695330 0.524148 0.071537 0.163948
0 0.375574 0.625571 0.099683 0.178410
0 0.548594 0.425696 0.051518 0.086996
0 0.353059 0.437659 0.071820 0.164473
