0 0.232640 0.577746 0.093023 0.243749
0 0.684259 0.580403 0.110632 0.281105
0 0.375459 0.627639 0.110456 0.215082
0 0.405929 0.471924 0.068805 0.141116
0 0.840476 0.569898 0.105365 0.215097
0 0.274862 0.554735 0.075102 0.277202
0 0.661767 0.418901 0.056690 0.129515
0 0.273189 0.498810 0.069457 0.163791
0 0.377228 0.671093 0.112245 0.307819
0 0.466658 0.453689 0.053391 0.170771
0 0.465783 0.425633 0.051812 0.111880
0 0.537738 0.578147 0.078594 0.266357
0 0.839572 0.631806 0.110949 0.342247
0 0.540819 0.543537 0.074443 0.189027
