0 0.849291 0.560829 0.086443 0.186088
0 0.283179 0.569504 0.090635 0.323648
0 0.771915 0.490599 0.078525 0.168104
0 0.233780 0.560507 0.094840 0.221439
0 0.663282 0.392497 0.055391 0.117228
0 0.360075 0.483719 0.058436 0.230787
0 0.640745 0.546599 0.071807 0.237678
0 0.681978 0.583561 0.112127 0.277437
0 0.398604 0.573575 0.079288 0.294382
0 0.548031 0.419427 0.055405 0.139862
0 0.547908 0.450375 0.055232 0.204140
0 0.401979 0.509886 0.076454 0.205951
0 0.630960 0.541612 0.053182 0.222136
0 0.359769 0.438736 0.056725 0.139852
0 0.692576 0.539010 0.090739 0.188963
