0 0.817403 0.488107 0.096939 0.349200
0 0.400265 0.359936 0.067833 0.200183
0 0.502499 0.436554 0.057640 0.246257
0 0.633262 0.521576 0.066037 0.226350
0 0.685318 0.412009 0.054851 0.143444
0 0.423833 0.536337 0.085058 0.263099
0 0.242540 0.631849 0.098888 0.339844
0 0.563040 0.664431 0.107317 0.262608
0 0.683853 0.539963 0.067409 0.216105
0 0.288150 0.463262 0.083680 0.298804
0 0.633107 0.484784 0.065337 0.155841
0 0.247334 0.586934 0.108304 0.243495
0 0.381478 0.688812 0.112852 0.306334
0 0.675921 0.571444 0.082459 0.274887
