0 0.853227 0.552096 0.085543 0.241110
0 0.402960 0.468492 0.076736 0.141033
0 0.561722 0.666666 0.109971 0.260933
0 0.686213 0.414000 0.052266 0.145539
0 0.549118 0.455904 0.053086 0.145935
0 0.241934 0.628001 0.096547 0.299040
0 0.354752 0.483332 0.071111 0.250450
0 0.352447 0.448708 0.072150 0.186242
0 0.691800 0.551459 0.081208 0.223338
0 0.646312 0.529281 0.074926 0.233659
0 0.693529 0.520909 0.078511 0.160828
0 0.262543 0.480461 0.062178 0.146480
0 0.548569 0.431435 0.051402 0.096589
0 0.380331 0.688693 0.111185 0.296659
