0 0.849286 0.561308 0.086027 0.187569
0 0.664271 0.388874 0.053759 0.108845
0 0.283023 0.572141 0.090745 0.329297
0 0.771535 0.498139 0.079310 0.184988
0 0.236687 0.569955 0.099526 0.247086
0 0.640559 0.545128 0.075233 0.239040
0 0.360130 0.484091 0.058241 0.232484
0 0.663458 0.410481 0.055548 0.151254
0 0.398953 0.568179 0.078789 0.310404
0 0.548247 0.422200 0.055623 0.145163
0 0.681665 0.584663 0.114996 0.289760
0 0.401824 0.512491 0.076613 0.214199
0 0.360122 0.435158 0.056345 0.133492
0 0.548089 0.456652 0.055554 0.217349
