0 0.401475 0.469599 0.083254 0.140876
0 0.358986 0.397477 0.061254 0.140437
0 0.834218 0.547556 0.076548 0.216747
0 0.241731 0.629379 0.096481 0.309945
0 0.686205 0.424255 0.052085 0.167792
0 0.276060 0.519374 0.065669 0.217810
0 0.562830 0.666581 0.108684 0.266013
0 0.275392 0.487474 0.063008 0.152018
0 0.358180 0.427765 0.063305 0.199396
0 0.376764 0.627357 0.102009 0.180484
0 0.542590 0.424585 0.046058 0.076358
0 0.545898 0.436452 0.052589 0.099882
0 0.694149 0.567246 0.077651 0.253013
0 0.695384 0.521779 0.070264 0.159697
0 0.640678 0.531370 0.076299 0.220606
