0 0.776724 0.713999 0.225051 0.560558
0 0.233397 0.582004 0.094222 0.251857
0 0.684282 0.586373 0.111454 0.291230
0 0.276619 0.555514 0.073685 0.278530
0 0.406129 0.469766 0.069843 0.137189
0 0.661946 0.425408 0.058226 0.142254
0 0.466294 0.457633 0.054147 0.177250
0 0.863223 0.559623 0.063650 0.195386
0 0.274173 0.496564 0.067045 0.159204
0 0.236905 0.630553 0.101201 0.359186
0 0.539453 0.586705 0.076698 0.277387
0 0.465687 0.425605 0.052319 0.111196
0 0.380923 0.673020 0.113044 0.308149
0 0.540548 0.543220 0.075390 0.186837
0 0.379744 0.625152 0.111345 0.211353
0 0.862370 0.532033 0.057484 0.139432
