0 0.853211 0.552857 0.085876 0.243011
0 0.399840 0.467869 0.068492 0.135457
0 0.562097 0.663487 0.110646 0.259483
0 0.241841 0.623468 0.096295 0.291995
0 0.352563 0.448108 0.071739 0.185381
0 0.549114 0.455071 0.052895 0.145398
0 0.689829 0.561164 0.085021 0.242852
0 0.685315 0.417379 0.053806 0.150075
0 0.644793 0.526600 0.075434 0.227722
0 0.353987 0.483611 0.069073 0.252883
0 0.262757 0.481467 0.062584 0.148314
0 0.377448 0.629797 0.104139 0.179813
0 0.548478 0.427718 0.051337 0.090146
0 0.695369 0.522544 0.072351 0.161300
0 0.353601 0.418560 0.070998 0.124156
