0 0.282459 0.567949 0.089704 0.323460
0 0.849074 0.561176 0.086068 0.188845
0 0.664827 0.389401 0.051475 0.109154
0 0.771855 0.500120 0.078815 0.188546
0 0.238297 0.566169 0.102823 0.236359
0 0.359561 0.482625 0.057536 0.230335
0 0.634943 0.545105 0.061691 0.238522
0 0.680663 0.585091 0.115588 0.294372
0 0.400101 0.539080 0.080546 0.266145
0 0.664132 0.410379 0.053770 0.150869
0 0.399256 0.604249 0.079329 0.397076
0 0.547816 0.450683 0.055411 0.204799
0 0.240122 0.613313 0.105385 0.330582
0 0.547945 0.417380 0.054873 0.138171
