0 0.718685 0.624049 0.140394 0.535030
0 0.232971 0.578169 0.094207 0.244457
0 0.275038 0.555445 0.075885 0.280056
0 0.405841 0.472632 0.069115 0.142876
0 0.842181 0.572563 0.103471 0.219726
0 0.466805 0.454800 0.053630 0.172415
0 0.662258 0.413072 0.055741 0.117317
0 0.272970 0.507636 0.070024 0.183560
0 0.466183 0.428266 0.051936 0.116606
0 0.378729 0.672281 0.109792 0.305890
0 0.659337 0.433339 0.061732 0.159917
0 0.540505 0.539589 0.073859 0.178965
0 0.537147 0.580316 0.078478 0.265242
0 0.555165 0.676291 0.096901 0.263230
