0 0.759296 0.668908 0.158444 0.363039
0 0.232002 0.579492 0.093734 0.254239
0 0.406097 0.472380 0.069303 0.142498
0 0.683948 0.576504 0.112589 0.272485
0 0.275740 0.552956 0.075733 0.276060
0 0.661782 0.422150 0.057677 0.135526
0 0.693484 0.626374 0.094453 0.370685
0 0.273367 0.500733 0.068929 0.170524
0 0.466482 0.459358 0.054044 0.179932
0 0.852046 0.541554 0.083199 0.153802
0 0.465878 0.426834 0.052193 0.112758
0 0.377535 0.659849 0.108042 0.276466
0 0.534823 0.578917 0.074522 0.265671
0 0.555815 0.674986 0.097862 0.263434
