0 0.676327 0.556837 0.075824 0.338388
0 0.227599 0.565388 0.097612 0.191053
0 0.374663 0.438055 0.107501 0.300798
0 0.421622 0.432172 0.039713 0.310143
0 0.538992 0.487523 0.097169 0.254550
0 0.820422 0.549634 0.102920 0.255385
0 0.677194 0.369657 0.056359 0.136256
0 0.274325 0.510571 0.063876 0.223334
0 0.559232 0.369152 0.063032 0.155023
0 0.371605 0.636530 0.101453 0.266095
0 0.506389 0.394979 0.046253 0.222840
0 0.227328 0.604710 0.098783 0.275204
0 0.510444 0.447216 0.049066 0.280705
0 0.560525 0.437014 0.067456 0.291678
0 0.833175 0.615517 0.122087 0.391236
