0 0.834543 0.569544 0.119252 0.216465
0 0.233744 0.584753 0.097410 0.264014
0 0.683263 0.579096 0.111316 0.278062
0 0.406289 0.473302 0.069127 0.144484
0 0.834829 0.618207 0.121489 0.316497
0 0.556342 0.673526 0.096169 0.256065
0 0.465730 0.422997 0.051451 0.106409
0 0.534422 0.578446 0.075128 0.266695
0 0.238874 0.622302 0.105681 0.346618
0 0.661547 0.426274 0.058185 0.140421
0 0.377540 0.664627 0.107602 0.291491
0 0.554327 0.635421 0.091403 0.180863
0 0.538755 0.540087 0.073005 0.182224
0 0.466253 0.472363 0.053734 0.206538
0 0.466296 0.443488 0.051491 0.149708
