0 0.852973 0.547946 0.083702 0.235401
0 0.403683 0.470134 0.075851 0.142881
0 0.549504 0.453710 0.050849 0.148983
0 0.560884 0.663940 0.113659 0.271406
0 0.358123 0.480730 0.061059 0.242936
0 0.241610 0.588162 0.095945 0.233139
0 0.261788 0.476994 0.065062 0.139411
0 0.686538 0.420353 0.051101 0.155735
0 0.693478 0.555406 0.078017 0.229685
0 0.695068 0.522117 0.072796 0.161825
0 0.649883 0.546539 0.062851 0.253576
0 0.381186 0.686522 0.113027 0.303313
0 0.644998 0.522705 0.076381 0.207006
0 0.686375 0.394425 0.048624 0.105069
