0 0.852917 0.551838 0.086405 0.240322
0 0.403019 0.469594 0.077374 0.139930
0 0.562257 0.665087 0.109051 0.270007
0 0.242628 0.625611 0.097689 0.295493
0 0.354233 0.482019 0.070141 0.248871
0 0.549385 0.457000 0.050932 0.147731
0 0.685604 0.416401 0.054024 0.148951
0 0.644971 0.529918 0.074529 0.235678
0 0.690302 0.558273 0.083971 0.237233
0 0.352064 0.447719 0.072046 0.184750
0 0.262920 0.477342 0.063797 0.138419
0 0.375921 0.638743 0.100064 0.191837
0 0.695191 0.523720 0.072415 0.164906
0 0.563721 0.628780 0.108808 0.192917
0 0.378896 0.687151 0.107421 0.289855
