0 0.467145 0.431034 0.078071 0.131426
0 0.759431 0.667423 0.154056 0.354864
0 0.231760 0.582275 0.092256 0.261802
0 0.405954 0.470017 0.068744 0.137796
0 0.684830 0.574934 0.111066 0.270169
0 0.661399 0.422279 0.056927 0.136019
0 0.693246 0.628562 0.095396 0.376352
0 0.274301 0.557881 0.067828 0.290711
0 0.851069 0.538839 0.084122 0.153309
0 0.274214 0.490869 0.063917 0.153966
0 0.380721 0.673654 0.115244 0.308378
0 0.535350 0.580437 0.074927 0.264318
0 0.555665 0.676366 0.097875 0.262868
0 0.553852 0.631007 0.091395 0.173523
