0 0.464502 0.554896 0.093502 0.486221
0 0.356841 0.478609 0.076893 0.241128
0 0.852655 0.553032 0.086507 0.243908
0 0.549214 0.456078 0.052434 0.152521
0 0.379561 0.588123 0.094183 0.218570
0 0.564863 0.645172 0.107603 0.226121
0 0.644067 0.533294 0.074807 0.240045
0 0.693185 0.551758 0.078895 0.226586
0 0.239465 0.627550 0.091391 0.299978
0 0.263043 0.479773 0.061197 0.145653
0 0.694649 0.519539 0.074545 0.160307
0 0.685592 0.420562 0.053723 0.157097
0 0.563492 0.734297 0.109046 0.414350
0 0.238575 0.575394 0.088001 0.196138
