0 0.849594 0.560394 0.085510 0.188122
0 0.282781 0.568596 0.091389 0.320793
0 0.235552 0.567180 0.098485 0.238910
0 0.771441 0.501433 0.080320 0.190413
0 0.662711 0.393190 0.056406 0.119277
0 0.643918 0.547470 0.077184 0.241356
0 0.360462 0.484254 0.058327 0.231551
0 0.399170 0.597183 0.079570 0.323776
0 0.360376 0.447438 0.056542 0.157078
0 0.547782 0.415210 0.055237 0.130891
0 0.402103 0.545013 0.077515 0.212181
0 0.678677 0.584603 0.113218 0.287195
0 0.361361 0.425546 0.057016 0.112371
0 0.548125 0.449243 0.055350 0.199154
0 0.403593 0.504468 0.076512 0.194654
0 0.632220 0.543779 0.054303 0.226952
0 0.226059 0.556872 0.077511 0.210183
