0 0.684101 0.580568 0.110544 0.282585
0 0.232537 0.580667 0.093505 0.255022
0 0.406239 0.470563 0.070272 0.137305
0 0.274392 0.556544 0.072716 0.286631
0 0.840424 0.568897 0.104919 0.213653
0 0.662007 0.427757 0.057587 0.147549
0 0.375588 0.627497 0.104895 0.212039
0 0.466698 0.450612 0.053661 0.164977
0 0.377211 0.670053 0.106953 0.302945
0 0.271561 0.497668 0.066293 0.175454
0 0.465800 0.425208 0.051795 0.111373
0 0.554915 0.674185 0.097303 0.256536
0 0.541058 0.543806 0.074499 0.189840
0 0.540884 0.614181 0.077123 0.336270
