0 0.849257 0.561040 0.085470 0.187292
0 0.237125 0.567660 0.101025 0.242544
0 0.283366 0.571116 0.091276 0.327131
0 0.770701 0.499900 0.080221 0.185911
0 0.664113 0.387920 0.053274 0.107938
0 0.355781 0.484856 0.066073 0.230352
0 0.636389 0.544491 0.064146 0.235392
0 0.683078 0.590561 0.085317 0.289081
0 0.663423 0.408893 0.056838 0.148255
0 0.687890 0.552694 0.078490 0.213375
0 0.399332 0.573315 0.077328 0.296950
0 0.402193 0.504504 0.075344 0.196884
0 0.547974 0.452972 0.055390 0.210013
0 0.547890 0.417033 0.055779 0.136748
0 0.239695 0.613983 0.105141 0.331986
0 0.272265 0.504186 0.070230 0.200039
