0 0.759292 0.667087 0.159889 0.362609
0 0.232919 0.580376 0.094396 0.249100
0 0.405957 0.472417 0.068897 0.142928
0 0.274690 0.555912 0.076161 0.280498
0 0.683645 0.580453 0.113439 0.280078
0 0.661928 0.421443 0.057912 0.134401
0 0.852382 0.539980 0.083797 0.151068
0 0.693944 0.632029 0.093586 0.381067
0 0.466456 0.462136 0.053852 0.185968
0 0.555761 0.674151 0.098247 0.266250
0 0.378026 0.659405 0.109800 0.276399
0 0.272789 0.498655 0.069469 0.164389
0 0.465902 0.429742 0.051846 0.119132
0 0.534105 0.577605 0.072508 0.263329
